x y
         0   -0.6279
    0.0100   -0.6033
    0.0200   -1.1186
    0.0300   -0.3047
    0.0400   -1.0825
    0.0500   -0.4373
    0.0600   -1.3054
    0.0700   -1.4015
    0.0800   -0.6717
    0.0900   -0.0657
    0.1000   -0.8264
    0.1100   -0.6796
    0.1200    0.0393
    0.1300   -0.6988
    0.1400   -0.1930
    0.1500   -0.8088
    0.1600   -0.1224
    0.1700   -0.0612
    0.1800   -0.2964
    0.1900   -0.6037
    0.2000    0.3329
    0.2100   -0.8281
    0.2200   -0.1267
    0.2300   -0.4787
    0.2400   -0.0428
    0.2500   -0.7144
    0.2600   -0.5278
    0.2700   -0.1275
    0.2800    0.0334
    0.2900   -0.1880
    0.3000   -0.0377
    0.3100   -0.2513
    0.3200    0.5208
    0.3300    0.6462
    0.3400    0.5004
    0.3500    0.7336
    0.3600   -0.2420
    0.3700    0.6581
    0.3800    0.3301
    0.3900    0.2051
    0.4000    0.3272
    0.4100    0.6322
    0.4200    0.0354
    0.4300    0.3292
    0.4400    0.5324
    0.4500    0.0186
    0.4600    0.1285
    0.4700    0.3751
    0.4800    0.7856
    0.4900    0.6515
    0.5000    0.4481
    0.5100    0.6115
    0.5200    0.4977
    0.5300    0.9015
    0.5400    0.8096
    0.5500    0.5667
    0.5600    1.2376
    0.5700    1.1288
    0.5800    0.3963
    0.5900    1.2602
    0.6000    0.3876
    0.6100    0.8934
    0.6200    1.2494
    0.6300    0.8965
    0.6400    1.3196
    0.6500    1.2951
    0.6600    0.8974
    0.6700    0.6336
    0.6800    1.4394
    0.6900    1.2422
    0.7000    1.5610
    0.7100    1.3173
    0.7200    1.1889
    0.7300    0.7227
    0.7400    0.8637
    0.7500    1.0821
    0.7600    1.4708
    0.7700    1.2507
    0.7800    0.8989
    0.7900    1.6627
    0.8000    1.4140
    0.8100    1.3894
    0.8200    1.3832
    0.8300    1.1394
    0.8400    1.1836
    0.8500    1.7876
    0.8600    1.3047
    0.8700    1.4582
    0.8800    1.5116
    0.8900    1.7127
    0.9000    1.9524
    0.9100    1.3063
    0.9200    1.3134
    0.9300    1.5217
    0.9400    1.3813
    0.9500    1.6104
    0.9600    2.0152
    0.9700    1.4978
    0.9800    1.9552
    0.9900    1.5775
    1.0000    1.7410
    1.0100    2.1259
    1.0200    1.7046
    1.0300    2.0923
    1.0400    2.1450
    1.0500    1.6439
    1.0600    1.8412
    1.0700    2.2010
    1.0800    2.0706
    1.0900    2.0885
    1.1000    2.3272
    1.1100    1.6687
    1.1200    1.9561
    1.1300    1.9611
    1.1400    1.8016
    1.1500    1.7874
    1.1600    2.3148
    1.1700    1.9505
    1.1800    1.8447
    1.1900    1.9842
    1.2000    2.3547
    1.2100    2.3591
    1.2200    1.8579
    1.2300    2.2081
    1.2400    1.9648
    1.2500    2.4929
    1.2600    2.5184
    1.2700    2.4124
    1.2800    2.0266
    1.2900    1.9786
    1.3000    2.4519
    1.3100    2.6130
    1.3200    2.3240
    1.3300    2.2693
    1.3400    2.4710
    1.3500    2.5076
    1.3600    2.3262
    1.3700    2.1560
    1.3800    2.7190
    1.3900    2.4665
    1.4000    2.5311
    1.4100    2.7090
    1.4200    2.3863
    1.4300    2.7403
    1.4400    2.8547
    1.4500    2.5761
    1.4600    2.3911
    1.4700    2.3888
    1.4800    2.5492
    1.4900    2.3736
    1.5000    2.6579